1000
1036
1106
1245
1320
1295
1262
1249
1238
1201
1189
1214
1220
1263
1246
1284
1309
1327
1332
1304
1316
1248
1231
1194
1207
1209
1215
1206
1196
1203
1205
1184
1165
1176
1170
1139
1135
1126
1137
1156
1167
1200
1158
1163
1139
1115
1106
1127
1189
1260
1313
1409
1504
1628
1715
1817
1991
2085
2213
2324
2423
2566
2656
2826
1565
1437
1297
1180
1100
1044
1035
997
1007
1015
970
948
854
777
715
667
616
542
512
469
438
405
395
394
373
362
336
330
328
323
321
315
302
314
307
301
297
280
269
277
283
283
283
279
284
287
275
279
270
264
256
263
260
264
263
259
266
272
271
279
306
318
315
329
347
359
364
357
366
362
361
333
344
332
325
332
331
345
355
369
390
378
384
369
364
376
360
349
372
372
375
384
385
397
362
356
362
350
355
359
364
354
347
340
329
340
360
357
362
336
324
321
320
307
305
311
298
305
324
332
336
347
349
335
348
343
344
350
361
343
342
311
327
326
326
327
325
331
333
348
340
354
335
328
324
335
324
328
327
308
312
326
333
326
319
320
314
311
309
304
315
312
318
311
310
318
324
340
375
381
410
419
424
434
410
392
406
416
420
421
425
430
457
439
438
422
417
427
416
412
398
385
401
400
416
388
403
401
406
390
397
403
386
387
395
384
358
337
326
317
344
350
337
337
336
341
331
337
352
334
326
328
317
334
338
334
330
315
308
309
311
326
315
325
324
330
351
346
346
360
372
356
359
344
340
354
331
341
353
346
344
339
339
348
346
340
336
340
337
336
339
359
348
368
373
362
357
350
350
353
358
377
376
395
396
391
395
399
398
389
389
389
400
391
416
420
434
476
467
472
471
473
477
466
471
471
458
451
455
457
452
458
450
463
446
465
458
466
461
458
455
448
455
463
474
464
465
451
449
461
479
472
487
474
487
475
471
502
505
509
500
489
511
509
491
484
489
504
535
540
531
523
551
553
545
544
566
566
585
591
606
595
590
594
587
599
614
563
558
537
541
559
553
564
573
572
565
577
578
557
540
536
532
537
554
574
565
559
576
566
566
547
547
544
575
581
559
576
561
589
577
607
608
643
645
650
658
639
640
628
625
648
635
633
627
643
658
668
651
634
662
678
670
669
672
680
696
651
661
641
662
674
680
695
684
675
657
634
629
643
625
602
602
605
632
621
632
650
662
650
649
666
661
671
687
700
707
714
720
723
717
712
703
713
700
660
651
658
661
670
640
652
638
630
636
640
637
613
604
599
589
605
590
605
620
612
603
635
637
652
666
663
658
653
659
671
681
703
679
654
655
635
635
628
637
641
660
642
641
663
655
652
664
637
648
631
624
634
624
620
623
625
624
618
620
620
654
664
658
649
626
626
636
656
666
672
676
673
661
672
682
695
713
710
728
719
696
693
691
718
733
738
750
737
737
734
742
752
734
737
729
716
720
720
739
738
747
711
711
720
691
703
676
670
691
710
715
707
711
714
726
719
725
718
719
723
702
668
636
657
670
665
671
693
655
652
648
637
636
642
646
659
650
648
655
650
653
657
635
585
598
588
570
580
575
574
580
577
559
548
538
560
581
619
634
670
667
646
666
669
683
697
689
675
684
672
658
668
666
655
669
663
650
668
706
721
723
701
713
732
711
737
728
725
726
705
706
708
727
721
715
715
730
737
750
745
722
713
723
716
708
715
712
706
704
715
734
744
775
742
772
785
789
779
761
759
766
790
777
777
773
778
779
752
747
757
769
781
774
773
765
781
778
795
808
810
801
797
808
824
802
802
793
803
806
807
797
782
824
789
761
773
761
758
770
773
796
798
806
783
792
775
792
771
792
835
820
802
788
779
764
733
757
769
765
747
771
755
762
753
760
778
782
799
805
796
795
810
788
763
772
765
758
761
760
795
772
761
770
789
766
784
799
764
768
762
738
718
725
725
729
745
724
715
741
711
693
727
731
726
750
759
756
748
766
764
798
785
800
801
787
799
787
808
794
813
875
848
876
865
872
878
873
854
850
854
855
867
890
881
887
897
883
874
879
857
821
801
846
838
852
830
844
836
827
847
848
827
856
847
840
781
776
800
809
799
833
827
845
849
839
853
850
858
860
845
881
865
825
831
850
856
839
815
802
771
764
794
804
832
827
795
789
797
809
811
826
848
815
812
825
839
816
816
813
841
858
864
829
828
865
888
893
879
867
864
869
837
856
848
826
804
817
807
790
834
844
854
834
830
822
852
896
913
909
902
915
935
923
926
901
927
966
980
1021
1030
997
957
931
925
911
915
936
928
910
933
935
913
936
923
927
926
915
909
910
878
899
885
884
874
896
881
892
899
911
868
866
883
910
906
938
940
974
986
953
954
944
935
943
952
955
941
933
931
941
941
942
935
926
958
950
962
966
983
971
977
956
935
931
952
960
967
959
972
962
994
961
958
969
938
923
925
930
928
954
949
969
956
953
935
926
920
957
960
961
940
928
923
901
934
937
953
960
987
967
942
944
965
948
965
932
921
923
949
965
942
949
930
925
909
944
950
951
979
1004
973
961
950
914
930
947
945
925
950
978
965
965
990
991
966
957
971
998
1008
998
973
962
978
991
979
986
983
989
997
970
931
947
940
934
934
962
975
971
947
970
945
956
975
991
992
993
998
960
956
970
976
966
930
914
933
927
949
955
926
974
955
958
951
948
928
927
923
914
904
918
899
909
858
863
868
865
855
890
906
916
927
923
926
929
934
920
900
871
867
852
833
826
833
841
864
872
868
882
906
917
929
952
951
971
920
903
907
900
884
859
863
844
840
859
860
859
890
884
890
909
944
931
932
959
944
933
940
910
935
918
895
897
909
889
891
902
901
884
880
879
863
885
900
915
934
922
933
933
906
900
911
928
923
913
943
949
954
943
975
950
967
953
978
963
960
966
957
923
934
954
980
951
902
924
900
928
947
943
925
938
916
898
890
902
921
930
957
936
931
911
897
883
882
916
941
987
990
971
985
945
943
970
998
994
995
1003
961
981
985
975
1028
1053
1051
1038
1024
1021
1031
1045
1002
984
1000
973
989
994
967
1014
1021
1020
1015
1010
1000
1003
1021
1021
1010
1005
994
993
1013
1033
1057
1086
1083
1112
1141
1143
1122
1126
1139
1093
1119
1139
1138
1151
1112
1140
1119
1131
1123
1110
1123
1103
1079
1099
1106
1079
1074
1081
1085
1109
1125
1098
1077
1047
1055
1040
1043
1051
1035
1038
1036
1029
1031
1024
993
983
1037
1041
1040
1048
1044
1061
1040
1087
1063
1072
1070
1075
1052
1039
1055
1013
988
989
993
1015
1005
1045
1044
1025
1037
1036
1018
987
981
974
976
988
995
1008
1018
1001
1016
1028
1081
1083
1060
1053
1060
1045
1037
1045
1011
1003
972
970
985
972
963
1013
1033
1024
1032
1038
1061
1075
1097
1082
1080
1053
1072
1086
1108
1121
1108
1068
1066
1077
1085
1068
1015
991
997
1003
1024
989
1000
993
1000
996
939
908
928
912
916
921
945
917
931
951
951
947
966
942
939
927
918
918
918
920
899
905
895
929
968
994
1001
1051
1050
1072
1083
